{
 "cells": [
  {
   "attachments": {},
   "cell_type": "markdown",
   "metadata": {},
   "source": [
    "## Primer Aproach hacia el modelo predictivo"
   ]
  },
  {
   "cell_type": "code",
   "execution_count": 8,
   "metadata": {},
   "outputs": [],
   "source": [
    "import pandas as pd\n",
    "import numpy as np\n",
    "from sklearn.ensemble import RandomForestClassifier, HistGradientBoostingClassifier\n",
    "from sklearn.svm import SVC\n",
    "from sklearn.linear_model import SGDClassifier\n",
    "from sklearn.metrics import confusion_matrix, classification_report\n",
    "from sklearn.preprocessing import StandardScaler, LabelEncoder\n",
    "from sklearn.model_selection import train_test_split, GridSearchCV, cross_val_score\n",
    "import math\n",
    "from sklearn.metrics import mean_squared_error"
   ]
  },
  {
   "cell_type": "code",
   "execution_count": 12,
   "metadata": {},
   "outputs": [
    {
     "data": {
      "text/html": [
       "<div>\n",
       "<style scoped>\n",
       "    .dataframe tbody tr th:only-of-type {\n",
       "        vertical-align: middle;\n",
       "    }\n",
       "\n",
       "    .dataframe tbody tr th {\n",
       "        vertical-align: top;\n",
       "    }\n",
       "\n",
       "    .dataframe thead th {\n",
       "        text-align: right;\n",
       "    }\n",
       "</style>\n",
       "<table border=\"1\" class=\"dataframe\">\n",
       "  <thead>\n",
       "    <tr style=\"text-align: right;\">\n",
       "      <th></th>\n",
       "      <th>Unnamed: 0</th>\n",
       "      <th>resultId</th>\n",
       "      <th>raceId</th>\n",
       "      <th>driverId</th>\n",
       "      <th>constructorId</th>\n",
       "      <th>number</th>\n",
       "      <th>grid</th>\n",
       "      <th>position</th>\n",
       "      <th>positionOrder</th>\n",
       "      <th>points</th>\n",
       "      <th>laps</th>\n",
       "      <th>milliseconds</th>\n",
       "      <th>fastestLap</th>\n",
       "      <th>rank</th>\n",
       "      <th>statusId</th>\n",
       "    </tr>\n",
       "  </thead>\n",
       "  <tbody>\n",
       "    <tr>\n",
       "      <th>Unnamed: 0</th>\n",
       "      <td>1.000000</td>\n",
       "      <td>0.999998</td>\n",
       "      <td>0.965393</td>\n",
       "      <td>0.714711</td>\n",
       "      <td>0.443738</td>\n",
       "      <td>0.248516</td>\n",
       "      <td>-0.020142</td>\n",
       "      <td>0.163385</td>\n",
       "      <td>-0.066501</td>\n",
       "      <td>0.235892</td>\n",
       "      <td>0.109144</td>\n",
       "      <td>0.144589</td>\n",
       "      <td>0.400729</td>\n",
       "      <td>0.300604</td>\n",
       "      <td>-0.009470</td>\n",
       "    </tr>\n",
       "    <tr>\n",
       "      <th>resultId</th>\n",
       "      <td>0.999998</td>\n",
       "      <td>1.000000</td>\n",
       "      <td>0.965393</td>\n",
       "      <td>0.714719</td>\n",
       "      <td>0.443724</td>\n",
       "      <td>0.248535</td>\n",
       "      <td>-0.020150</td>\n",
       "      <td>0.163416</td>\n",
       "      <td>-0.066530</td>\n",
       "      <td>0.235924</td>\n",
       "      <td>0.109164</td>\n",
       "      <td>0.144633</td>\n",
       "      <td>0.400808</td>\n",
       "      <td>0.300673</td>\n",
       "      <td>-0.009505</td>\n",
       "    </tr>\n",
       "    <tr>\n",
       "      <th>raceId</th>\n",
       "      <td>0.965393</td>\n",
       "      <td>0.965393</td>\n",
       "      <td>1.000000</td>\n",
       "      <td>0.735155</td>\n",
       "      <td>0.439960</td>\n",
       "      <td>0.267496</td>\n",
       "      <td>-0.024478</td>\n",
       "      <td>0.141079</td>\n",
       "      <td>-0.061750</td>\n",
       "      <td>0.221934</td>\n",
       "      <td>0.103324</td>\n",
       "      <td>0.124571</td>\n",
       "      <td>0.342599</td>\n",
       "      <td>0.242747</td>\n",
       "      <td>0.006100</td>\n",
       "    </tr>\n",
       "    <tr>\n",
       "      <th>driverId</th>\n",
       "      <td>0.714711</td>\n",
       "      <td>0.714719</td>\n",
       "      <td>0.735155</td>\n",
       "      <td>1.000000</td>\n",
       "      <td>0.320718</td>\n",
       "      <td>0.321705</td>\n",
       "      <td>0.063227</td>\n",
       "      <td>0.174169</td>\n",
       "      <td>-0.001558</td>\n",
       "      <td>0.017451</td>\n",
       "      <td>0.101829</td>\n",
       "      <td>0.050237</td>\n",
       "      <td>0.261969</td>\n",
       "      <td>0.260292</td>\n",
       "      <td>0.015854</td>\n",
       "    </tr>\n",
       "    <tr>\n",
       "      <th>constructorId</th>\n",
       "      <td>0.443738</td>\n",
       "      <td>0.443724</td>\n",
       "      <td>0.439960</td>\n",
       "      <td>0.320718</td>\n",
       "      <td>1.000000</td>\n",
       "      <td>0.190078</td>\n",
       "      <td>0.104930</td>\n",
       "      <td>0.073313</td>\n",
       "      <td>0.083701</td>\n",
       "      <td>-0.042950</td>\n",
       "      <td>0.019579</td>\n",
       "      <td>-0.070427</td>\n",
       "      <td>0.032206</td>\n",
       "      <td>0.091016</td>\n",
       "      <td>0.108098</td>\n",
       "    </tr>\n",
       "    <tr>\n",
       "      <th>number</th>\n",
       "      <td>0.248516</td>\n",
       "      <td>0.248535</td>\n",
       "      <td>0.267496</td>\n",
       "      <td>0.321705</td>\n",
       "      <td>0.190078</td>\n",
       "      <td>1.000000</td>\n",
       "      <td>0.147817</td>\n",
       "      <td>0.074825</td>\n",
       "      <td>0.183469</td>\n",
       "      <td>-0.048112</td>\n",
       "      <td>-0.013730</td>\n",
       "      <td>-0.101048</td>\n",
       "      <td>0.060360</td>\n",
       "      <td>0.081572</td>\n",
       "      <td>0.135278</td>\n",
       "    </tr>\n",
       "    <tr>\n",
       "      <th>grid</th>\n",
       "      <td>-0.020142</td>\n",
       "      <td>-0.020150</td>\n",
       "      <td>-0.024478</td>\n",
       "      <td>0.063227</td>\n",
       "      <td>0.104930</td>\n",
       "      <td>0.147817</td>\n",
       "      <td>1.000000</td>\n",
       "      <td>0.295691</td>\n",
       "      <td>0.154702</td>\n",
       "      <td>-0.369066</td>\n",
       "      <td>0.076361</td>\n",
       "      <td>-0.302800</td>\n",
       "      <td>-0.024533</td>\n",
       "      <td>0.139370</td>\n",
       "      <td>-0.121358</td>\n",
       "    </tr>\n",
       "    <tr>\n",
       "      <th>position</th>\n",
       "      <td>0.163385</td>\n",
       "      <td>0.163416</td>\n",
       "      <td>0.141079</td>\n",
       "      <td>0.174169</td>\n",
       "      <td>0.073313</td>\n",
       "      <td>0.074825</td>\n",
       "      <td>0.295691</td>\n",
       "      <td>1.000000</td>\n",
       "      <td>-0.225716</td>\n",
       "      <td>-0.128403</td>\n",
       "      <td>0.477079</td>\n",
       "      <td>0.032089</td>\n",
       "      <td>0.417984</td>\n",
       "      <td>0.406840</td>\n",
       "      <td>-0.222217</td>\n",
       "    </tr>\n",
       "    <tr>\n",
       "      <th>positionOrder</th>\n",
       "      <td>-0.066501</td>\n",
       "      <td>-0.066530</td>\n",
       "      <td>-0.061750</td>\n",
       "      <td>-0.001558</td>\n",
       "      <td>0.083701</td>\n",
       "      <td>0.183469</td>\n",
       "      <td>0.154702</td>\n",
       "      <td>-0.225716</td>\n",
       "      <td>1.000000</td>\n",
       "      <td>-0.571637</td>\n",
       "      <td>-0.652375</td>\n",
       "      <td>-0.605441</td>\n",
       "      <td>-0.214886</td>\n",
       "      <td>0.025269</td>\n",
       "      <td>0.525778</td>\n",
       "    </tr>\n",
       "    <tr>\n",
       "      <th>points</th>\n",
       "      <td>0.235892</td>\n",
       "      <td>0.235924</td>\n",
       "      <td>0.221934</td>\n",
       "      <td>0.017451</td>\n",
       "      <td>-0.042950</td>\n",
       "      <td>-0.048112</td>\n",
       "      <td>-0.369066</td>\n",
       "      <td>-0.128403</td>\n",
       "      <td>-0.571637</td>\n",
       "      <td>1.000000</td>\n",
       "      <td>0.250971</td>\n",
       "      <td>0.601074</td>\n",
       "      <td>0.378961</td>\n",
       "      <td>0.004992</td>\n",
       "      <td>-0.268706</td>\n",
       "    </tr>\n",
       "    <tr>\n",
       "      <th>laps</th>\n",
       "      <td>0.109144</td>\n",
       "      <td>0.109164</td>\n",
       "      <td>0.103324</td>\n",
       "      <td>0.101829</td>\n",
       "      <td>0.019579</td>\n",
       "      <td>-0.013730</td>\n",
       "      <td>0.076361</td>\n",
       "      <td>0.477079</td>\n",
       "      <td>-0.652375</td>\n",
       "      <td>0.250971</td>\n",
       "      <td>1.000000</td>\n",
       "      <td>0.398056</td>\n",
       "      <td>0.252385</td>\n",
       "      <td>0.101798</td>\n",
       "      <td>-0.354293</td>\n",
       "    </tr>\n",
       "    <tr>\n",
       "      <th>milliseconds</th>\n",
       "      <td>0.144589</td>\n",
       "      <td>0.144633</td>\n",
       "      <td>0.124571</td>\n",
       "      <td>0.050237</td>\n",
       "      <td>-0.070427</td>\n",
       "      <td>-0.101048</td>\n",
       "      <td>-0.302800</td>\n",
       "      <td>0.032089</td>\n",
       "      <td>-0.605441</td>\n",
       "      <td>0.601074</td>\n",
       "      <td>0.398056</td>\n",
       "      <td>1.000000</td>\n",
       "      <td>0.296961</td>\n",
       "      <td>0.048976</td>\n",
       "      <td>-0.370932</td>\n",
       "    </tr>\n",
       "    <tr>\n",
       "      <th>fastestLap</th>\n",
       "      <td>0.400729</td>\n",
       "      <td>0.400808</td>\n",
       "      <td>0.342599</td>\n",
       "      <td>0.261969</td>\n",
       "      <td>0.032206</td>\n",
       "      <td>0.060360</td>\n",
       "      <td>-0.024533</td>\n",
       "      <td>0.417984</td>\n",
       "      <td>-0.214886</td>\n",
       "      <td>0.378961</td>\n",
       "      <td>0.252385</td>\n",
       "      <td>0.296961</td>\n",
       "      <td>1.000000</td>\n",
       "      <td>0.687654</td>\n",
       "      <td>-0.227418</td>\n",
       "    </tr>\n",
       "    <tr>\n",
       "      <th>rank</th>\n",
       "      <td>0.300604</td>\n",
       "      <td>0.300673</td>\n",
       "      <td>0.242747</td>\n",
       "      <td>0.260292</td>\n",
       "      <td>0.091016</td>\n",
       "      <td>0.081572</td>\n",
       "      <td>0.139370</td>\n",
       "      <td>0.406840</td>\n",
       "      <td>0.025269</td>\n",
       "      <td>0.004992</td>\n",
       "      <td>0.101798</td>\n",
       "      <td>0.048976</td>\n",
       "      <td>0.687654</td>\n",
       "      <td>1.000000</td>\n",
       "      <td>-0.122707</td>\n",
       "    </tr>\n",
       "    <tr>\n",
       "      <th>statusId</th>\n",
       "      <td>-0.009470</td>\n",
       "      <td>-0.009505</td>\n",
       "      <td>0.006100</td>\n",
       "      <td>0.015854</td>\n",
       "      <td>0.108098</td>\n",
       "      <td>0.135278</td>\n",
       "      <td>-0.121358</td>\n",
       "      <td>-0.222217</td>\n",
       "      <td>0.525778</td>\n",
       "      <td>-0.268706</td>\n",
       "      <td>-0.354293</td>\n",
       "      <td>-0.370932</td>\n",
       "      <td>-0.227418</td>\n",
       "      <td>-0.122707</td>\n",
       "      <td>1.000000</td>\n",
       "    </tr>\n",
       "  </tbody>\n",
       "</table>\n",
       "</div>"
      ],
      "text/plain": [
       "               Unnamed: 0  resultId    raceId  driverId  constructorId  \\\n",
       "Unnamed: 0       1.000000  0.999998  0.965393  0.714711       0.443738   \n",
       "resultId         0.999998  1.000000  0.965393  0.714719       0.443724   \n",
       "raceId           0.965393  0.965393  1.000000  0.735155       0.439960   \n",
       "driverId         0.714711  0.714719  0.735155  1.000000       0.320718   \n",
       "constructorId    0.443738  0.443724  0.439960  0.320718       1.000000   \n",
       "number           0.248516  0.248535  0.267496  0.321705       0.190078   \n",
       "grid            -0.020142 -0.020150 -0.024478  0.063227       0.104930   \n",
       "position         0.163385  0.163416  0.141079  0.174169       0.073313   \n",
       "positionOrder   -0.066501 -0.066530 -0.061750 -0.001558       0.083701   \n",
       "points           0.235892  0.235924  0.221934  0.017451      -0.042950   \n",
       "laps             0.109144  0.109164  0.103324  0.101829       0.019579   \n",
       "milliseconds     0.144589  0.144633  0.124571  0.050237      -0.070427   \n",
       "fastestLap       0.400729  0.400808  0.342599  0.261969       0.032206   \n",
       "rank             0.300604  0.300673  0.242747  0.260292       0.091016   \n",
       "statusId        -0.009470 -0.009505  0.006100  0.015854       0.108098   \n",
       "\n",
       "                 number      grid  position  positionOrder    points  \\\n",
       "Unnamed: 0     0.248516 -0.020142  0.163385      -0.066501  0.235892   \n",
       "resultId       0.248535 -0.020150  0.163416      -0.066530  0.235924   \n",
       "raceId         0.267496 -0.024478  0.141079      -0.061750  0.221934   \n",
       "driverId       0.321705  0.063227  0.174169      -0.001558  0.017451   \n",
       "constructorId  0.190078  0.104930  0.073313       0.083701 -0.042950   \n",
       "number         1.000000  0.147817  0.074825       0.183469 -0.048112   \n",
       "grid           0.147817  1.000000  0.295691       0.154702 -0.369066   \n",
       "position       0.074825  0.295691  1.000000      -0.225716 -0.128403   \n",
       "positionOrder  0.183469  0.154702 -0.225716       1.000000 -0.571637   \n",
       "points        -0.048112 -0.369066 -0.128403      -0.571637  1.000000   \n",
       "laps          -0.013730  0.076361  0.477079      -0.652375  0.250971   \n",
       "milliseconds  -0.101048 -0.302800  0.032089      -0.605441  0.601074   \n",
       "fastestLap     0.060360 -0.024533  0.417984      -0.214886  0.378961   \n",
       "rank           0.081572  0.139370  0.406840       0.025269  0.004992   \n",
       "statusId       0.135278 -0.121358 -0.222217       0.525778 -0.268706   \n",
       "\n",
       "                   laps  milliseconds  fastestLap      rank  statusId  \n",
       "Unnamed: 0     0.109144      0.144589    0.400729  0.300604 -0.009470  \n",
       "resultId       0.109164      0.144633    0.400808  0.300673 -0.009505  \n",
       "raceId         0.103324      0.124571    0.342599  0.242747  0.006100  \n",
       "driverId       0.101829      0.050237    0.261969  0.260292  0.015854  \n",
       "constructorId  0.019579     -0.070427    0.032206  0.091016  0.108098  \n",
       "number        -0.013730     -0.101048    0.060360  0.081572  0.135278  \n",
       "grid           0.076361     -0.302800   -0.024533  0.139370 -0.121358  \n",
       "position       0.477079      0.032089    0.417984  0.406840 -0.222217  \n",
       "positionOrder -0.652375     -0.605441   -0.214886  0.025269  0.525778  \n",
       "points         0.250971      0.601074    0.378961  0.004992 -0.268706  \n",
       "laps           1.000000      0.398056    0.252385  0.101798 -0.354293  \n",
       "milliseconds   0.398056      1.000000    0.296961  0.048976 -0.370932  \n",
       "fastestLap     0.252385      0.296961    1.000000  0.687654 -0.227418  \n",
       "rank           0.101798      0.048976    0.687654  1.000000 -0.122707  \n",
       "statusId      -0.354293     -0.370932   -0.227418 -0.122707  1.000000  "
      ]
     },
     "execution_count": 12,
     "metadata": {},
     "output_type": "execute_result"
    }
   ],
   "source": [
    "df = pd.read_csv('../data/results.csv')\n",
    "\n",
    "df.drop(columns=['time', 'fastestLapTime', 'fastestLapSpeed'], inplace=True)\n",
    "\n",
    "df.replace(regex=r'[A-Z]', value=np.nan, inplace=True)\n",
    "df.replace('R', np.nan, inplace=True)\n",
    "df.replace('F', np.nan, inplace=True)\n",
    "df.replace('W', np.nan, inplace=True)\n",
    "df.replace('N', np.nan, inplace=True)\n",
    "df.replace('\\\\N', np.nan, inplace=True)\n",
    "\n",
    "df.fillna(0, inplace=True)\n",
    "\n",
    "## Calculate most important features\n"
   ]
  },
  {
   "cell_type": "code",
   "execution_count": 10,
   "metadata": {},
   "outputs": [],
   "source": [
    "X = df.drop(['position'], axis=1)\n",
    "Y = df['position']\n",
    "\n",
    "X_train, X_test, Y_train, Y_test = train_test_split(X, Y, test_size=0.33, random_state=82)\n",
    "\n",
    "scaler = StandardScaler()\n",
    "\n",
    "X_train = scaler.fit_transform(X_train)\n",
    "X_test = scaler.transform(X_test)"
   ]
  },
  {
   "cell_type": "code",
   "execution_count": 11,
   "metadata": {},
   "outputs": [
    {
     "name": "stdout",
     "output_type": "stream",
     "text": [
      "6.9943440698971235\n"
     ]
    }
   ],
   "source": [
    "X_test[(np.isnan(X_test).any()) or (np.isinf(X_test).any())] = 0\n",
    "\n",
    "clf = RandomForestClassifier(n_estimators=100, max_depth=2, random_state=0)\n",
    "predict = clf.fit(X_train.astype(int), Y_train.astype(int))\n",
    "Y_pred = predict.predict(X_test)\n",
    "\n",
    "print(math.sqrt(mean_squared_error(Y_test, Y_pred)))"
   ]
  }
 ],
 "metadata": {
  "kernelspec": {
   "display_name": "Python 3",
   "language": "python",
   "name": "python3"
  },
  "language_info": {
   "codemirror_mode": {
    "name": "ipython",
    "version": 3
   },
   "file_extension": ".py",
   "mimetype": "text/x-python",
   "name": "python",
   "nbconvert_exporter": "python",
   "pygments_lexer": "ipython3",
   "version": "3.9.4"
  },
  "orig_nbformat": 4
 },
 "nbformat": 4,
 "nbformat_minor": 2
}
